# 
# Partial phonon density of states for q along a band structure path
# 
# Energy in Ha      , DOS in states/Ha
# Gaussian method with smearing =     0.2000000000E-04Ha      , nq =     248
# 
# omega     PHDOS 
#
   0.00000000E+00   2.48221316E+05
   9.11267051E-07   2.52349789E+05
   1.82253410E-06   2.56263127E+05
   2.73380115E-06   2.59961308E+05
   3.64506820E-06   2.63445796E+05
   4.55633525E-06   2.66719478E+05
   5.46760230E-06   2.69786577E+05
   6.37886935E-06   2.72652564E+05
   7.29013640E-06   2.75324049E+05
   8.20140345E-06   2.77808660E+05
   9.11267051E-06   2.80114922E+05
   1.00239376E-05   2.82252124E+05
   1.09352046E-05   2.84230180E+05
   1.18464717E-05   2.86059502E+05
   1.27577387E-05   2.87750854E+05
   1.36690058E-05   2.89315228E+05
   1.45802728E-05   2.90763716E+05
   1.54915399E-05   2.92107388E+05
   1.64028069E-05   2.93357183E+05
   1.73140740E-05   2.94523812E+05
   1.82253410E-05   2.95617668E+05
   1.91366081E-05   2.96648750E+05
   2.00478751E-05   2.97626600E+05
   2.09591422E-05   2.98560257E+05
   2.18704092E-05   2.99458219E+05
   2.27816763E-05   3.00328421E+05
   2.36929433E-05   3.01178225E+05
   2.46042104E-05   3.02014420E+05
   2.55154774E-05   3.02843236E+05
   2.64267445E-05   3.03670362E+05
   2.73380115E-05   3.04500975E+05
   2.82492786E-05   3.05339774E+05
   2.91605456E-05   3.06191017E+05
   3.00718127E-05   3.07058562E+05
   3.09830797E-05   3.07945909E+05
   3.18943468E-05   3.08856236E+05
   3.28056138E-05   3.09792438E+05
   3.37168809E-05   3.10757164E+05
   3.46281479E-05   3.11752838E+05
   3.55394150E-05   3.12781682E+05
   3.64506820E-05   3.13845733E+05
   3.73619491E-05   3.14946846E+05
   3.82732161E-05   3.16086692E+05
   3.91844832E-05   3.17266751E+05
   4.00957502E-05   3.18488288E+05
   4.10070173E-05   3.19752333E+05
   4.19182843E-05   3.21059644E+05
   4.28295514E-05   3.22410675E+05
   4.37408184E-05   3.23805526E+05
   4.46520855E-05   3.25243904E+05
   4.55633525E-05   3.26725073E+05
   4.64746196E-05   3.28247806E+05
   4.73858866E-05   3.29810342E+05
   4.82971537E-05   3.31410342E+05
   4.92084207E-05   3.33044851E+05
   5.01196878E-05   3.34710267E+05
   5.10309548E-05   3.36402320E+05
   5.19422219E-05   3.38116056E+05
   5.28534889E-05   3.39845833E+05
   5.37647560E-05   3.41585330E+05
   5.46760230E-05   3.43327562E+05
   5.55872901E-05   3.45064915E+05
   5.64985571E-05   3.46789190E+05
   5.74098242E-05   3.48491654E+05
   5.83210912E-05   3.50163109E+05
   5.92323583E-05   3.51793970E+05
   6.01436253E-05   3.53374353E+05
   6.10548924E-05   3.54894172E+05
   6.19661594E-05   3.56343242E+05
   6.28774265E-05   3.57711387E+05
   6.37886935E-05   3.58988559E+05
   6.46999606E-05   3.60164949E+05
   6.56112276E-05   3.61231107E+05
   6.65224947E-05   3.62178058E+05
   6.74337617E-05   3.62997411E+05
   6.83450288E-05   3.63681467E+05
   6.92562958E-05   3.64223323E+05
   7.01675629E-05   3.64616959E+05
   7.10788299E-05   3.64857322E+05
   7.19900970E-05   3.64940395E+05
   7.29013640E-05   3.64863260E+05
   7.38126311E-05   3.64624138E+05
   7.47238981E-05   3.64222427E+05
   7.56351652E-05   3.63658712E+05
   7.65464322E-05   3.62934779E+05
   7.74576993E-05   3.62053595E+05
   7.83689663E-05   3.61019292E+05
   7.92802334E-05   3.59837128E+05
   8.01915004E-05   3.58513439E+05
   8.11027675E-05   3.57055577E+05
   8.20140345E-05   3.55471845E+05
   8.29253016E-05   3.53771414E+05
   8.38365687E-05   3.51964240E+05
   8.47478357E-05   3.50060970E+05
   8.56591028E-05   3.48072849E+05
   8.65703698E-05   3.46011615E+05
   8.74816369E-05   3.43889401E+05
   8.83929039E-05   3.41718634E+05
   8.93041710E-05   3.39511930E+05
   9.02154380E-05   3.37281996E+05
   9.11267051E-05   3.35041537E+05
   9.20379721E-05   3.32803159E+05
   9.29492392E-05   3.30579288E+05
   9.38605062E-05   3.28382080E+05
   9.47717733E-05   3.26223351E+05
   9.56830403E-05   3.24114507E+05
   9.65943074E-05   3.22066479E+05
   9.75055744E-05   3.20089666E+05
   9.84168415E-05   3.18193887E+05
   9.93281085E-05   3.16388338E+05
   1.00239376E-04   3.14681553E+05
   1.01150643E-04   3.13081375E+05
   1.02061910E-04   3.11594926E+05
   1.02973177E-04   3.10228593E+05
   1.03884444E-04   3.08988009E+05
   1.04795711E-04   3.07878042E+05
   1.05706978E-04   3.06902788E+05
   1.06618245E-04   3.06065569E+05
   1.07529512E-04   3.05368931E+05
   1.08440779E-04   3.04814648E+05
   1.09352046E-04   3.04403727E+05
   1.10263313E-04   3.04136416E+05
   1.11174580E-04   3.04012215E+05
   1.12085847E-04   3.04029885E+05
   1.12997114E-04   3.04187468E+05
   1.13908381E-04   3.04482300E+05
   1.14819648E-04   3.04911028E+05
   1.15730915E-04   3.05469636E+05
   1.16642182E-04   3.06153464E+05
   1.17553450E-04   3.06957234E+05
   1.18464717E-04   3.07875079E+05
   1.19375984E-04   3.08900573E+05
   1.20287251E-04   3.10026760E+05
   1.21198518E-04   3.11246197E+05
   1.22109785E-04   3.12550985E+05
   1.23021052E-04   3.13932813E+05
   1.23932319E-04   3.15382998E+05
   1.24843586E-04   3.16892537E+05
   1.25754853E-04   3.18452148E+05
   1.26666120E-04   3.20052323E+05
   1.27577387E-04   3.21683382E+05
   1.28488654E-04   3.23335523E+05
   1.29399921E-04   3.24998880E+05
   1.30311188E-04   3.26663580E+05
   1.31222455E-04   3.28319796E+05
   1.32133722E-04   3.29957810E+05
   1.33044989E-04   3.31568065E+05
   1.33956256E-04   3.33141226E+05
   1.34867523E-04   3.34668235E+05
   1.35778791E-04   3.36140365E+05
   1.36690058E-04   3.37549276E+05
   1.37601325E-04   3.38887064E+05
   1.38512592E-04   3.40146309E+05
   1.39423859E-04   3.41320128E+05
   1.40335126E-04   3.42402209E+05
   1.41246393E-04   3.43386858E+05
   1.42157660E-04   3.44269034E+05
   1.43068927E-04   3.45044379E+05
   1.43980194E-04   3.45709248E+05
   1.44891461E-04   3.46260735E+05
   1.45802728E-04   3.46696688E+05
   1.46713995E-04   3.47015728E+05
   1.47625262E-04   3.47217256E+05
   1.48536529E-04   3.47301458E+05
   1.49447796E-04   3.47269309E+05
   1.50359063E-04   3.47122561E+05
   1.51270330E-04   3.46863739E+05
   1.52181597E-04   3.46496120E+05
   1.53092864E-04   3.46023718E+05
   1.54004132E-04   3.45451252E+05
   1.54915399E-04   3.44784122E+05
   1.55826666E-04   3.44028369E+05
   1.56737933E-04   3.43190636E+05
   1.57649200E-04   3.42278128E+05
   1.58560467E-04   3.41298555E+05
   1.59471734E-04   3.40260090E+05
   1.60383001E-04   3.39171305E+05
   1.61294268E-04   3.38041118E+05
   1.62205535E-04   3.36878731E+05
   1.63116802E-04   3.35693564E+05
   1.64028069E-04   3.34495195E+05
   1.64939336E-04   3.33293290E+05
   1.65850603E-04   3.32097539E+05
   1.66761870E-04   3.30917590E+05
   1.67673137E-04   3.29762981E+05
   1.68584404E-04   3.28643079E+05
   1.69495671E-04   3.27567012E+05
   1.70406938E-04   3.26543616E+05
   1.71318206E-04   3.25581367E+05
   1.72229473E-04   3.24688335E+05
   1.73140740E-04   3.23872126E+05
   1.74052007E-04   3.23139838E+05
   1.74963274E-04   3.22498014E+05
   1.75874541E-04   3.21952607E+05
   1.76785808E-04   3.21508942E+05
   1.77697075E-04   3.21171686E+05
   1.78608342E-04   3.20944824E+05
   1.79519609E-04   3.20831636E+05
   1.80430876E-04   3.20834686E+05
   1.81342143E-04   3.20955804E+05
   1.82253410E-04   3.21196087E+05
   1.83164677E-04   3.21555891E+05
   1.84075944E-04   3.22034833E+05
   1.84987211E-04   3.22631804E+05
   1.85898478E-04   3.23344972E+05
   1.86809745E-04   3.24171798E+05
   1.87721012E-04   3.25109057E+05
   1.88632279E-04   3.26152855E+05
   1.89543547E-04   3.27298655E+05
   1.90454814E-04   3.28541304E+05
   1.91366081E-04   3.29875065E+05
   1.92277348E-04   3.31293649E+05
   1.93188615E-04   3.32790251E+05
   1.94099882E-04   3.34357590E+05
   1.95011149E-04   3.35987948E+05
   1.95922416E-04   3.37673219E+05
   1.96833683E-04   3.39404949E+05
   1.97744950E-04   3.41174391E+05
   1.98656217E-04   3.42972551E+05
   1.99567484E-04   3.44790244E+05
   2.00478751E-04   3.46618147E+05
   2.01390018E-04   3.48446860E+05
   2.02301285E-04   3.50266956E+05
   2.03212552E-04   3.52069050E+05
   2.04123819E-04   3.53843852E+05
   2.05035086E-04   3.55582229E+05
   2.05946353E-04   3.57275270E+05
   2.06857620E-04   3.58914342E+05
   2.07768888E-04   3.60491149E+05
   2.08680155E-04   3.61997794E+05
   2.09591422E-04   3.63426833E+05
   2.10502689E-04   3.64771329E+05
   2.11413956E-04   3.66024904E+05
   2.12325223E-04   3.67181785E+05
   2.13236490E-04   3.68236847E+05
   2.14147757E-04   3.69185656E+05
   2.15059024E-04   3.70024496E+05
   2.15970291E-04   3.70750402E+05
   2.16881558E-04   3.71361184E+05
   2.17792825E-04   3.71855438E+05
   2.18704092E-04   3.72232557E+05
   2.19615359E-04   3.72492740E+05
   2.20526626E-04   3.72636980E+05
   2.21437893E-04   3.72667059E+05
   2.22349160E-04   3.72585530E+05
   2.23260427E-04   3.72395691E+05
   2.24171694E-04   3.72101559E+05
   2.25082961E-04   3.71707829E+05
   2.25994229E-04   3.71219834E+05
   2.26905496E-04   3.70643499E+05
   2.27816763E-04   3.69985285E+05
   2.28728030E-04   3.69252136E+05
   2.29639297E-04   3.68451414E+05
   2.30550564E-04   3.67590839E+05
   2.31461831E-04   3.66678420E+05
   2.32373098E-04   3.65722388E+05
   2.33284365E-04   3.64731124E+05
   2.34195632E-04   3.63713093E+05
   2.35106899E-04   3.62676768E+05
   2.36018166E-04   3.61630566E+05
   2.36929433E-04   3.60582777E+05
   2.37840700E-04   3.59541497E+05
   2.38751967E-04   3.58514570E+05
   2.39663234E-04   3.57509519E+05
   2.40574501E-04   3.56533500E+05
   2.41485768E-04   3.55593239E+05
   2.42397035E-04   3.54694992E+05
   2.43308302E-04   3.53844500E+05
   2.44219570E-04   3.53046950E+05
   2.45130837E-04   3.52306943E+05
   2.46042104E-04   3.51628470E+05
   2.46953371E-04   3.51014889E+05
   2.47864638E-04   3.50468910E+05
   2.48775905E-04   3.49992591E+05
   2.49687172E-04   3.49587327E+05
   2.50598439E-04   3.49253861E+05
   2.51509706E-04   3.48992290E+05
   2.52420973E-04   3.48802076E+05
   2.53332240E-04   3.48682070E+05
   2.54243507E-04   3.48630533E+05
   2.55154774E-04   3.48645168E+05
   2.56066041E-04   3.48723148E+05
   2.56977308E-04   3.48861158E+05
   2.57888575E-04   3.49055432E+05
   2.58799842E-04   3.49301797E+05
   2.59711109E-04   3.49595715E+05
   2.60622376E-04   3.49932335E+05
   2.61533644E-04   3.50306535E+05
   2.62444911E-04   3.50712977E+05
   2.63356178E-04   3.51146150E+05
   2.64267445E-04   3.51600420E+05
   2.65178712E-04   3.52070079E+05
   2.66089979E-04   3.52549391E+05
   2.67001246E-04   3.53032632E+05
   2.67912513E-04   3.53514139E+05
   2.68823780E-04   3.53988342E+05
   2.69735047E-04   3.54449805E+05
   2.70646314E-04   3.54893257E+05
   2.71557581E-04   3.55313624E+05
   2.72468848E-04   3.55706050E+05
   2.73380115E-04   3.56065926E+05
   2.74291382E-04   3.56388903E+05
   2.75202649E-04   3.56670910E+05
   2.76113916E-04   3.56908166E+05
   2.77025183E-04   3.57097185E+05
   2.77936450E-04   3.57234783E+05
   2.78847717E-04   3.57318082E+05
   2.79758985E-04   3.57344504E+05
   2.80670252E-04   3.57311772E+05
   2.81581519E-04   3.57217908E+05
   2.82492786E-04   3.57061220E+05
   2.83404053E-04   3.56840299E+05
   2.84315320E-04   3.56554013E+05
   2.85226587E-04   3.56201497E+05
   2.86137854E-04   3.55782143E+05
   2.87049121E-04   3.55295601E+05
   2.87960388E-04   3.54741762E+05
   2.88871655E-04   3.54120765E+05
   2.89782922E-04   3.53432984E+05
   2.90694189E-04   3.52679033E+05
   2.91605456E-04   3.51859761E+05
   2.92516723E-04   3.50976260E+05
   2.93427990E-04   3.50029862E+05
   2.94339257E-04   3.49022151E+05
   2.95250524E-04   3.47954964E+05
   2.96161791E-04   3.46830403E+05
   2.97073058E-04   3.45650842E+05
   2.97984326E-04   3.44418938E+05
   2.98895593E-04   3.43137638E+05
   2.99806860E-04   3.41810189E+05
   3.00718127E-04   3.40440146E+05
   3.01629394E-04   3.39031380E+05
   3.02540661E-04   3.37588077E+05
   3.03451928E-04   3.36114747E+05
   3.04363195E-04   3.34616214E+05
   3.05274462E-04   3.33097615E+05
   3.06185729E-04   3.31564390E+05
   3.07096996E-04   3.30022264E+05
   3.08008263E-04   3.28477228E+05
   3.08919530E-04   3.26935515E+05
   3.09830797E-04   3.25403566E+05
   3.10742064E-04   3.23887994E+05
   3.11653331E-04   3.22395540E+05
   3.12564598E-04   3.20933026E+05
   3.13475865E-04   3.19507298E+05
   3.14387132E-04   3.18125167E+05
   3.15298399E-04   3.16793348E+05
   3.16209667E-04   3.15518387E+05
   3.17120934E-04   3.14306596E+05
   3.18032201E-04   3.13163974E+05
   3.18943468E-04   3.12096135E+05
   3.19854735E-04   3.11108232E+05
   3.20766002E-04   3.10204884E+05
   3.21677269E-04   3.09390104E+05
   3.22588536E-04   3.08667228E+05
   3.23499803E-04   3.08038855E+05
   3.24411070E-04   3.07506785E+05
   3.25322337E-04   3.07071972E+05
   3.26233604E-04   3.06734479E+05
   3.27144871E-04   3.06493445E+05
   3.28056138E-04   3.06347067E+05
   3.28967405E-04   3.06292581E+05
   3.29878672E-04   3.06326271E+05
   3.30789939E-04   3.06443480E+05
   3.31701206E-04   3.06638633E+05
   3.32612473E-04   3.06905283E+05
   3.33523741E-04   3.07236160E+05
   3.34435008E-04   3.07623238E+05
   3.35346275E-04   3.08057812E+05
   3.36257542E-04   3.08530588E+05
   3.37168809E-04   3.09031781E+05
   3.38080076E-04   3.09551225E+05
   3.38991343E-04   3.10078487E+05
   3.39902610E-04   3.10602993E+05
   3.40813877E-04   3.11114149E+05
   3.41725144E-04   3.11601473E+05
   3.42636411E-04   3.12054725E+05
   3.43547678E-04   3.12464030E+05
   3.44458945E-04   3.12820006E+05
   3.45370212E-04   3.13113877E+05
   3.46281479E-04   3.13337587E+05
   3.47192746E-04   3.13483899E+05
   3.48104013E-04   3.13546483E+05
   3.49015280E-04   3.13519992E+05
   3.49926547E-04   3.13400126E+05
   3.50837814E-04   3.13183676E+05
   3.51749082E-04   3.12868559E+05
   3.52660349E-04   3.12453828E+05
   3.53571616E-04   3.11939675E+05
   3.54482883E-04   3.11327407E+05
   3.55394150E-04   3.10619418E+05
   3.56305417E-04   3.09819136E+05
   3.57216684E-04   3.08930960E+05
   3.58127951E-04   3.07960185E+05
   3.59039218E-04   3.06912913E+05
   3.59950485E-04   3.05795960E+05
   3.60861752E-04   3.04616745E+05
   3.61773019E-04   3.03383187E+05
   3.62684286E-04   3.02103587E+05
   3.63595553E-04   3.00786517E+05
   3.64506820E-04   2.99440702E+05
   3.65418087E-04   2.98074913E+05
   3.66329354E-04   2.96697859E+05
   3.67240621E-04   2.95318090E+05
   3.68151888E-04   2.93943899E+05
   3.69063155E-04   2.92583251E+05
   3.69974423E-04   2.91243701E+05
   3.70885690E-04   2.89932342E+05
   3.71796957E-04   2.88655751E+05
   3.72708224E-04   2.87419960E+05
   3.73619491E-04   2.86230425E+05
   3.74530758E-04   2.85092020E+05
   3.75442025E-04   2.84009031E+05
   3.76353292E-04   2.82985171E+05
   3.77264559E-04   2.82023591E+05
   3.78175826E-04   2.81126910E+05
   3.79087093E-04   2.80297249E+05
   3.79998360E-04   2.79536262E+05
   3.80909627E-04   2.78845180E+05
   3.81820894E-04   2.78224850E+05
   3.82732161E-04   2.77675779E+05
   3.83643428E-04   2.77198169E+05
   3.84554695E-04   2.76791956E+05
   3.85465962E-04   2.76456842E+05
   3.86377229E-04   2.76192319E+05
   3.87288496E-04   2.75997692E+05
   3.88199764E-04   2.75872090E+05
   3.89111031E-04   2.75814473E+05
   3.90022298E-04   2.75823632E+05
   3.90933565E-04   2.75898177E+05
   3.91844832E-04   2.76036526E+05
   3.92756099E-04   2.76236885E+05
   3.93667366E-04   2.76497217E+05
   3.94578633E-04   2.76815219E+05
   3.95489900E-04   2.77188285E+05
   3.96401167E-04   2.77613477E+05
   3.97312434E-04   2.78087490E+05
   3.98223701E-04   2.78606625E+05
   3.99134968E-04   2.79166758E+05
   4.00046235E-04   2.79763323E+05
   4.00957502E-04   2.80391296E+05
   4.01868769E-04   2.81045187E+05
   4.02780036E-04   2.81719046E+05
   4.03691303E-04   2.82406475E+05
   4.04602570E-04   2.83100653E+05
   4.05513837E-04   2.83794367E+05
   4.06425105E-04   2.84480068E+05
   4.07336372E-04   2.85149921E+05
   4.08247639E-04   2.85795881E+05
   4.09158906E-04   2.86409771E+05
   4.10070173E-04   2.86983374E+05
   4.10981440E-04   2.87508528E+05
   4.11892707E-04   2.87977237E+05
   4.12803974E-04   2.88381776E+05
   4.13715241E-04   2.88714807E+05
   4.14626508E-04   2.88969496E+05
   4.15537775E-04   2.89139622E+05
   4.16449042E-04   2.89219696E+05
   4.17360309E-04   2.89205060E+05
   4.18271576E-04   2.89091989E+05
   4.19182843E-04   2.88877778E+05
   4.20094110E-04   2.88560824E+05
   4.21005377E-04   2.88140686E+05
   4.21916644E-04   2.87618139E+05
   4.22827911E-04   2.86995205E+05
   4.23739179E-04   2.86275170E+05
   4.24650446E-04   2.85462585E+05
   4.25561713E-04   2.84563246E+05
   4.26472980E-04   2.83584156E+05
   4.27384247E-04   2.82533467E+05
   4.28295514E-04   2.81420413E+05
   4.29206781E-04   2.80255213E+05
   4.30118048E-04   2.79048969E+05
   4.31029315E-04   2.77813546E+05
   4.31940582E-04   2.76561438E+05
   4.32851849E-04   2.75305631E+05
   4.33763116E-04   2.74059447E+05
   4.34674383E-04   2.72836393E+05
   4.35585650E-04   2.71649997E+05
   4.36496917E-04   2.70513654E+05
   4.37408184E-04   2.69440466E+05
   4.38319451E-04   2.68443086E+05
   4.39230718E-04   2.67533579E+05
   4.40141985E-04   2.66723280E+05
   4.41053252E-04   2.66022677E+05
   4.41964520E-04   2.65441293E+05
   4.42875787E-04   2.64987602E+05
   4.43787054E-04   2.64668949E+05
   4.44698321E-04   2.64491495E+05
   4.45609588E-04   2.64460186E+05
   4.46520855E-04   2.64578737E+05
   4.47432122E-04   2.64849644E+05
   4.48343389E-04   2.65274217E+05
   4.49254656E-04   2.65852636E+05
   4.50165923E-04   2.66584028E+05
   4.51077190E-04   2.67466566E+05
   4.51988457E-04   2.68497594E+05
   4.52899724E-04   2.69673761E+05
   4.53810991E-04   2.70991186E+05
   4.54722258E-04   2.72445626E+05
   4.55633525E-04   2.74032669E+05
   4.56544792E-04   2.75747932E+05
   4.57456059E-04   2.77587271E+05
   4.58367326E-04   2.79546995E+05
   4.59278593E-04   2.81624091E+05
   4.60189861E-04   2.83816439E+05
   4.61101128E-04   2.86123035E+05
   4.62012395E-04   2.88544201E+05
   4.62923662E-04   2.91081793E+05
   4.63834929E-04   2.93739395E+05
   4.64746196E-04   2.96522499E+05
   4.65657463E-04   2.99438667E+05
   4.66568730E-04   3.02497672E+05
   4.67479997E-04   3.05711625E+05
   4.68391264E-04   3.09095062E+05
   4.69302531E-04   3.12665015E+05
   4.70213798E-04   3.16441052E+05
   4.71125065E-04   3.20445278E+05
   4.72036332E-04   3.24702308E+05
   4.72947599E-04   3.29239210E+05
   4.73858866E-04   3.34085400E+05
   4.74770133E-04   3.39272512E+05
   4.75681400E-04   3.44834223E+05
   4.76592667E-04   3.50806046E+05
   4.77503934E-04   3.57225083E+05
   4.78415202E-04   3.64129747E+05
   4.79326469E-04   3.71559442E+05
   4.80237736E-04   3.79554216E+05
   4.81149003E-04   3.88154379E+05
   4.82060270E-04   3.97400098E+05
   4.82971537E-04   4.07330960E+05
   4.83882804E-04   4.17985517E+05
   4.84794071E-04   4.29400812E+05
   4.85705338E-04   4.41611889E+05
   4.86616605E-04   4.54651299E+05
   4.87527872E-04   4.68548594E+05
   4.88439139E-04   4.83329827E+05
   4.89350406E-04   4.99017061E+05
   4.90261673E-04   5.15627882E+05
   4.91172940E-04   5.33174938E+05
   4.92084207E-04   5.51665498E+05
   4.92995474E-04   5.71101046E+05
   4.93906741E-04   5.91476908E+05
   4.94818008E-04   6.12781921E+05
   4.95729276E-04   6.34998154E+05
   4.96640543E-04   6.58100678E+05
   4.97551810E-04   6.82057403E+05
   4.98463077E-04   7.06828964E+05
   4.99374344E-04   7.32368691E+05
   5.00285611E-04   7.58622636E+05
   5.01196878E-04   7.85529680E+05
   5.02108145E-04   8.13021713E+05
   5.03019412E-04   8.41023888E+05
   5.03930679E-04   8.69454951E+05
   5.04841946E-04   8.98227649E+05
   5.05753213E-04   9.27249201E+05
   5.06664480E-04   9.56421849E+05
   5.07575747E-04   9.85643467E+05
   5.08487014E-04   1.01480823E+06
   5.09398281E-04   1.04380735E+06
   5.10309548E-04   1.07252981E+06
   5.11220815E-04   1.10086324E+06
   5.12132082E-04   1.12869469E+06
   5.13043349E-04   1.15591154E+06
   5.13954617E-04   1.18240235E+06
   5.14865884E-04   1.20805777E+06
   5.15777151E-04   1.23277138E+06
   5.16688418E-04   1.25644054E+06
   5.17599685E-04   1.27896726E+06
   5.18510952E-04   1.30025895E+06
   5.19422219E-04   1.32022917E+06
   5.20333486E-04   1.33879833E+06
   5.21244753E-04   1.35589433E+06
   5.22156020E-04   1.37145306E+06
   5.23067287E-04   1.38541895E+06
   5.23978554E-04   1.39774529E+06
   5.24889821E-04   1.40839463E+06
   5.25801088E-04   1.41733891E+06
   5.26712355E-04   1.42455966E+06
   5.27623622E-04   1.43004801E+06
   5.28534889E-04   1.43380462E+06
   5.29446156E-04   1.43583958E+06
   5.30357423E-04   1.43617219E+06
   5.31268690E-04   1.43483059E+06
   5.32179958E-04   1.43185144E+06
   5.33091225E-04   1.42727947E+06
   5.34002492E-04   1.42116691E+06
   5.34913759E-04   1.41357299E+06
   5.35825026E-04   1.40456327E+06
   5.36736293E-04   1.39420902E+06
   5.37647560E-04   1.38258652E+06
   5.38558827E-04   1.36977637E+06
   5.39470094E-04   1.35586275E+06
   5.40381361E-04   1.34093273E+06
   5.41292628E-04   1.32507554E+06
   5.42203895E-04   1.30838188E+06
   5.43115162E-04   1.29094320E+06
   5.44026429E-04   1.27285112E+06
   5.44937696E-04   1.25419675E+06
   5.45848963E-04   1.23507010E+06
   5.46760230E-04   1.21555959E+06
   5.47671497E-04   1.19575151E+06
   5.48582764E-04   1.17572959E+06
   5.49494031E-04   1.15557459E+06
   5.50405299E-04   1.13536397E+06
   5.51316566E-04   1.11517157E+06
   5.52227833E-04   1.09506736E+06
   5.53139100E-04   1.07511728E+06
   5.54050367E-04   1.05538303E+06
   5.54961634E-04   1.03592203E+06
   5.55872901E-04   1.01678727E+06
   5.56784168E-04   9.98027369E+05
   5.57695435E-04   9.79686506E+05
   5.58606702E-04   9.61804512E+05
   5.59517969E-04   9.44416912E+05
   5.60429236E-04   9.27555024E+05
   5.61340503E-04   9.11246063E+05
   5.62251770E-04   8.95513276E+05
   5.63163037E-04   8.80376083E+05
   5.64074304E-04   8.65850226E+05
   5.64985571E-04   8.51947938E+05
   5.65896838E-04   8.38678101E+05
   5.66808105E-04   8.26046424E+05
   5.67719372E-04   8.14055610E+05
   5.68630640E-04   8.02705528E+05
   5.69541907E-04   7.91993384E+05
   5.70453174E-04   7.81913891E+05
   5.71364441E-04   7.72459431E+05
   5.72275708E-04   7.63620216E+05
   5.73186975E-04   7.55384453E+05
   5.74098242E-04   7.47738490E+05
   5.75009509E-04   7.40666976E+05
   5.75920776E-04   7.34153003E+05
   5.76832043E-04   7.28178257E+05
   5.77743310E-04   7.22723160E+05
   5.78654577E-04   7.17767012E+05
   5.79565844E-04   7.13288133E+05
   5.80477111E-04   7.09264003E+05
   5.81388378E-04   7.05671401E+05
   5.82299645E-04   7.02486547E+05
   5.83210912E-04   6.99685238E+05
   5.84122179E-04   6.97242988E+05
   5.85033446E-04   6.95135167E+05
   5.85944714E-04   6.93337140E+05
   5.86855981E-04   6.91824402E+05
   5.87767248E-04   6.90572712E+05
   5.88678515E-04   6.89558228E+05
   5.89589782E-04   6.88757638E+05
   5.90501049E-04   6.88148280E+05
   5.91412316E-04   6.87708266E+05
   5.92323583E-04   6.87416596E+05
   5.93234850E-04   6.87253260E+05
   5.94146117E-04   6.87199343E+05
   5.95057384E-04   6.87237105E+05
   5.95968651E-04   6.87350065E+05
   5.96879918E-04   6.87523063E+05
   5.97791185E-04   6.87742315E+05
   5.98702452E-04   6.87995451E+05
   5.99613719E-04   6.88271538E+05
   6.00524986E-04   6.88561095E+05
   6.01436253E-04   6.88856084E+05
   6.02347520E-04   6.89149895E+05
   6.03258787E-04   6.89437302E+05
   6.04170055E-04   6.89714422E+05
   6.05081322E-04   6.89978646E+05
   6.05992589E-04   6.90228559E+05
   6.06903856E-04   6.90463853E+05
   6.07815123E-04   6.90685218E+05
   6.08726390E-04   6.90894236E+05
   6.09637657E-04   6.91093251E+05
   6.10548924E-04   6.91285243E+05
   6.11460191E-04   6.91473693E+05
   6.12371458E-04   6.91662442E+05
   6.13282725E-04   6.91855550E+05
   6.14193992E-04   6.92057158E+05
   6.15105259E-04   6.92271344E+05
   6.16016526E-04   6.92501995E+05
   6.16927793E-04   6.92752673E+05
   6.17839060E-04   6.93026498E+05
   6.18750327E-04   6.93326036E+05
   6.19661594E-04   6.93653201E+05
   6.20572861E-04   6.94009165E+05
   6.21484128E-04   6.94394289E+05
   6.22395396E-04   6.94808061E+05
   6.23306663E-04   6.95249058E+05
   6.24217930E-04   6.95714916E+05
   6.25129197E-04   6.96202324E+05
   6.26040464E-04   6.96707030E+05
   6.26951731E-04   6.97223865E+05
   6.27862998E-04   6.97746783E+05
   6.28774265E-04   6.98268915E+05
   6.29685532E-04   6.98782644E+05
   6.30596799E-04   6.99279679E+05
   6.31508066E-04   6.99751162E+05
   6.32419333E-04   7.00187765E+05
   6.33330600E-04   7.00579811E+05
   6.34241867E-04   7.00917393E+05
   6.35153134E-04   7.01190508E+05
   6.36064401E-04   7.01389186E+05
   6.36975668E-04   7.01503626E+05
   6.37886935E-04   7.01524331E+05
   6.38798202E-04   7.01442242E+05
   6.39709469E-04   7.01248873E+05
   6.40620737E-04   7.00936429E+05
   6.41532004E-04   7.00497935E+05
   6.42443271E-04   6.99927342E+05
   6.43354538E-04   6.99219633E+05
   6.44265805E-04   6.98370918E+05
   6.45177072E-04   6.97378516E+05
   6.46088339E-04   6.96241028E+05
   6.46999606E-04   6.94958394E+05
   6.47910873E-04   6.93531947E+05
   6.48822140E-04   6.91964442E+05
   6.49733407E-04   6.90260087E+05
   6.50644674E-04   6.88424546E+05
   6.51555941E-04   6.86464948E+05
   6.52467208E-04   6.84389871E+05
   6.53378475E-04   6.82209324E+05
   6.54289742E-04   6.79934713E+05
   6.55201009E-04   6.77578807E+05
   6.56112276E-04   6.75155685E+05
   6.57023543E-04   6.72680687E+05
   6.57934810E-04   6.70170352E+05
   6.58846078E-04   6.67642353E+05
   6.59757345E-04   6.65115431E+05
   6.60668612E-04   6.62609320E+05
   6.61579879E-04   6.60144672E+05
   6.62491146E-04   6.57742986E+05
   6.63402413E-04   6.55426526E+05
   6.64313680E-04   6.53218247E+05
   6.65224947E-04   6.51141714E+05
   6.66136214E-04   6.49221029E+05
   6.67047481E-04   6.47480753E+05
   6.67958748E-04   6.45945829E+05
   6.68870015E-04   6.44641507E+05
   6.69781282E-04   6.43593271E+05
   6.70692549E-04   6.42826763E+05
   6.71603816E-04   6.42367710E+05
   6.72515083E-04   6.42241852E+05
   6.73426350E-04   6.42474863E+05
   6.74337617E-04   6.43092282E+05
   6.75248884E-04   6.44119432E+05
   6.76160152E-04   6.45581348E+05
   6.77071419E-04   6.47502696E+05
   6.77982686E-04   6.49907693E+05
   6.78893953E-04   6.52820029E+05
   6.79805220E-04   6.56262781E+05
   6.80716487E-04   6.60258328E+05
   6.81627754E-04   6.64828268E+05
   6.82539021E-04   6.69993328E+05
   6.83450288E-04   6.75773277E+05
   6.84361555E-04   6.82186836E+05
   6.85272822E-04   6.89251589E+05
   6.86184089E-04   6.96983900E+05
   6.87095356E-04   7.05398818E+05
   6.88006623E-04   7.14510000E+05
   6.88917890E-04   7.24329624E+05
   6.89829157E-04   7.34868313E+05
   6.90740424E-04   7.46135061E+05
   6.91651691E-04   7.58137164E+05
   6.92562958E-04   7.70880158E+05
   6.93474225E-04   7.84367761E+05
   6.94385493E-04   7.98601828E+05
   6.95296760E-04   8.13582308E+05
   6.96208027E-04   8.29307210E+05
   6.97119294E-04   8.45772584E+05
   6.98030561E-04   8.62972504E+05
   6.98941828E-04   8.80899066E+05
   6.99853095E-04   8.99542389E+05
   7.00764362E-04   9.18890631E+05
   7.01675629E-04   9.38930015E+05
   7.02586896E-04   9.59644859E+05
   7.03498163E-04   9.81017616E+05
   7.04409430E-04   1.00302893E+06
   7.05320697E-04   1.02565768E+06
   7.06231964E-04   1.04888107E+06
   7.07143231E-04   1.07267468E+06
   7.08054498E-04   1.09701252E+06
   7.08965765E-04   1.12186718E+06
   7.09877032E-04   1.14720985E+06
   7.10788299E-04   1.17301044E+06
   7.11699566E-04   1.19923768E+06
   7.12610834E-04   1.22585918E+06
   7.13522101E-04   1.25284158E+06
   7.14433368E-04   1.28015060E+06
   7.15344635E-04   1.30775116E+06
   7.16255902E-04   1.33560747E+06
   7.17167169E-04   1.36368314E+06
   7.18078436E-04   1.39194127E+06
   7.18989703E-04   1.42034454E+06
   7.19900970E-04   1.44885530E+06
   7.20812237E-04   1.47743569E+06
   7.21723504E-04   1.50604770E+06
   7.22634771E-04   1.53465329E+06
   7.23546038E-04   1.56321445E+06
   7.24457305E-04   1.59169331E+06
   7.25368572E-04   1.62005222E+06
   7.26279839E-04   1.64825385E+06
   7.27191106E-04   1.67626124E+06
   7.28102373E-04   1.70403794E+06
   7.29013640E-04   1.73154805E+06
   7.29924907E-04   1.75875634E+06
   7.30836175E-04   1.78562830E+06
   7.31747442E-04   1.81213029E+06
   7.32658709E-04   1.83822955E+06
   7.33569976E-04   1.86389434E+06
   7.34481243E-04   1.88909403E+06
   7.35392510E-04   1.91379915E+06
   7.36303777E-04   1.93798149E+06
   7.37215044E-04   1.96161422E+06
   7.38126311E-04   1.98467193E+06
   7.39037578E-04   2.00713070E+06
   7.39948845E-04   2.02896821E+06
   7.40860112E-04   2.05016380E+06
   7.41771379E-04   2.07069851E+06
   7.42682646E-04   2.09055514E+06
   7.43593913E-04   2.10971831E+06
   7.44505180E-04   2.12817447E+06
   7.45416447E-04   2.14591195E+06
   7.46327714E-04   2.16292095E+06
   7.47238981E-04   2.17919351E+06
   7.48150249E-04   2.19472354E+06
   7.49061516E-04   2.20950676E+06
   7.49972783E-04   2.22354062E+06
   7.50884050E-04   2.23682428E+06
   7.51795317E-04   2.24935848E+06
   7.52706584E-04   2.26114546E+06
   7.53617851E-04   2.27218884E+06
   7.54529118E-04   2.28249344E+06
   7.55440385E-04   2.29206522E+06
   7.56351652E-04   2.30091102E+06
   7.57262919E-04   2.30903845E+06
   7.58174186E-04   2.31645570E+06
   7.59085453E-04   2.32317131E+06
   7.59996720E-04   2.32919404E+06
   7.60907987E-04   2.33453265E+06
   7.61819254E-04   2.33919570E+06
   7.62730521E-04   2.34319140E+06
   7.63641788E-04   2.34652741E+06
   7.64553055E-04   2.34921072E+06
   7.65464322E-04   2.35124747E+06
   7.66375590E-04   2.35264285E+06
   7.67286857E-04   2.35340102E+06
   7.68198124E-04   2.35352502E+06
   7.69109391E-04   2.35301672E+06
   7.70020658E-04   2.35187683E+06
   7.70931925E-04   2.35010492E+06
   7.71843192E-04   2.34769946E+06
   7.72754459E-04   2.34465791E+06
   7.73665726E-04   2.34097685E+06
   7.74576993E-04   2.33665211E+06
   7.75488260E-04   2.33167899E+06
   7.76399527E-04   2.32605241E+06
   7.77310794E-04   2.31976722E+06
   7.78222061E-04   2.31281839E+06
   7.79133328E-04   2.30520133E+06
   7.80044595E-04   2.29691217E+06
   7.80955862E-04   2.28794803E+06
   7.81867129E-04   2.27830737E+06
   7.82778396E-04   2.26799027E+06
   7.83689663E-04   2.25699870E+06
   7.84600931E-04   2.24533686E+06
   7.85512198E-04   2.23301140E+06
   7.86423465E-04   2.22003167E+06
   7.87334732E-04   2.20640995E+06
   7.88245999E-04   2.19216161E+06
   7.89157266E-04   2.17730529E+06
   7.90068533E-04   2.16186296E+06
   7.90979800E-04   2.14586002E+06
   7.91891067E-04   2.12932529E+06
   7.92802334E-04   2.11229100E+06
   7.93713601E-04   2.09479270E+06
   7.94624868E-04   2.07686911E+06
   7.95536135E-04   2.05856199E+06
   7.96447402E-04   2.03991588E+06
   7.97358669E-04   2.02097786E+06
   7.98269936E-04   2.00179722E+06
   7.99181203E-04   1.98242514E+06
   8.00092470E-04   1.96291430E+06
   8.01003737E-04   1.94331849E+06
   8.01915004E-04   1.92369215E+06
   8.02826272E-04   1.90409000E+06
   8.03737539E-04   1.88456649E+06
   8.04648806E-04   1.86517542E+06
   8.05560073E-04   1.84596945E+06
   8.06471340E-04   1.82699966E+06
   8.07382607E-04   1.80831509E+06
   8.08293874E-04   1.78996238E+06
   8.09205141E-04   1.77198531E+06
   8.10116408E-04   1.75442447E+06
   8.11027675E-04   1.73731697E+06
   8.11938942E-04   1.72069606E+06
   8.12850209E-04   1.70459097E+06
   8.13761476E-04   1.68902666E+06
   8.14672743E-04   1.67402367E+06
   8.15584010E-04   1.65959802E+06
   8.16495277E-04   1.64576114E+06
   8.17406544E-04   1.63251984E+06
   8.18317811E-04   1.61987639E+06
   8.19229078E-04   1.60782855E+06
   8.20140345E-04   1.59636974E+06
   8.21051613E-04   1.58548917E+06
   8.21962880E-04   1.57517206E+06
   8.22874147E-04   1.56539991E+06
   8.23785414E-04   1.55615072E+06
   8.24696681E-04   1.54739933E+06
   8.25607948E-04   1.53911773E+06
   8.26519215E-04   1.53127543E+06
   8.27430482E-04   1.52383979E+06
   8.28341749E-04   1.51677637E+06
   8.29253016E-04   1.51004937E+06
   8.30164283E-04   1.50362194E+06
   8.31075550E-04   1.49745658E+06
   8.31986817E-04   1.49151553E+06
   8.32898084E-04   1.48576104E+06
   8.33809351E-04   1.48015581E+06
   8.34720618E-04   1.47466322E+06
   8.35631885E-04   1.46924767E+06
   8.36543152E-04   1.46387487E+06
   8.37454419E-04   1.45851204E+06
   8.38365687E-04   1.45312817E+06
   8.39276954E-04   1.44769416E+06
   8.40188221E-04   1.44218305E+06
   8.41099488E-04   1.43657007E+06
   8.42010755E-04   1.43083282E+06
   8.42922022E-04   1.42495124E+06
   8.43833289E-04   1.41890774E+06
   8.44744556E-04   1.41268714E+06
   8.45655823E-04   1.40627666E+06
   8.46567090E-04   1.39966589E+06
   8.47478357E-04   1.39284670E+06
   8.48389624E-04   1.38581314E+06
   8.49300891E-04   1.37856132E+06
   8.50212158E-04   1.37108928E+06
   8.51123425E-04   1.36339681E+06
   8.52034692E-04   1.35548531E+06
   8.52945959E-04   1.34735760E+06
   8.53857226E-04   1.33901772E+06
   8.54768493E-04   1.33047073E+06
   8.55679760E-04   1.32172257E+06
   8.56591028E-04   1.31277979E+06
   8.57502295E-04   1.30364941E+06
   8.58413562E-04   1.29433874E+06
   8.59324829E-04   1.28485514E+06
   8.60236096E-04   1.27520596E+06
   8.61147363E-04   1.26539830E+06
   8.62058630E-04   1.25543893E+06
   8.62969897E-04   1.24533413E+06
   8.63881164E-04   1.23508967E+06
   8.64792431E-04   1.22471064E+06
   8.65703698E-04   1.21420147E+06
   8.66614965E-04   1.20356587E+06
   8.67526232E-04   1.19280682E+06
   8.68437499E-04   1.18192658E+06
   8.69348766E-04   1.17092675E+06
   8.70260033E-04   1.15980830E+06
   8.71171300E-04   1.14857165E+06
   8.72082567E-04   1.13721678E+06
   8.72993834E-04   1.12574332E+06
   8.73905101E-04   1.11415069E+06
   8.74816369E-04   1.10243822E+06
   8.75727636E-04   1.09060532E+06
   8.76638903E-04   1.07865161E+06
   8.77550170E-04   1.06657709E+06
   8.78461437E-04   1.05438226E+06
   8.79372704E-04   1.04206832E+06
   8.80283971E-04   1.02963731E+06
   8.81195238E-04   1.01709221E+06
   8.82106505E-04   1.00443710E+06
   8.83017772E-04   9.91677281E+05
   8.83929039E-04   9.78819333E+05
   8.84840306E-04   9.65871235E+05
   8.85751573E-04   9.52842404E+05
   8.86662840E-04   9.39743739E+05
   8.87574107E-04   9.26587630E+05
   8.88485374E-04   9.13387961E+05
   8.89396641E-04   9.00160070E+05
   8.90307908E-04   8.86920703E+05
   8.91219175E-04   8.73687936E+05
   8.92130442E-04   8.60481078E+05
   8.93041710E-04   8.47320558E+05
   8.93952977E-04   8.34227788E+05
   8.94864244E-04   8.21225017E+05
   8.95775511E-04   8.08335164E+05
   8.96686778E-04   7.95581645E+05
   8.97598045E-04   7.82988191E+05
   8.98509312E-04   7.70578663E+05
   8.99420579E-04   7.58376853E+05
   9.00331846E-04   7.46406306E+05
   9.01243113E-04   7.34690123E+05
   9.02154380E-04   7.23250786E+05
   9.03065647E-04   7.12109985E+05
   9.03976914E-04   7.01288457E+05
   9.04888181E-04   6.90805839E+05
   9.05799448E-04   6.80680536E+05
   9.06710715E-04   6.70929607E+05
   9.07621982E-04   6.61568665E+05
   9.08533249E-04   6.52611804E+05
   9.09444516E-04   6.44071538E+05
   9.10355784E-04   6.35958764E+05
   9.11267051E-04   6.28282744E+05
   9.12178318E-04   6.21051109E+05
   9.13089585E-04   6.14269877E+05
   9.14000852E-04   6.07943493E+05
   9.14912119E-04   6.02074884E+05
   9.15823386E-04   5.96665528E+05
   9.16734653E-04   5.91715539E+05
   9.17645920E-04   5.87223762E+05
   9.18557187E-04   5.83187876E+05
   9.19468454E-04   5.79604506E+05
   9.20379721E-04   5.76469337E+05
   9.21290988E-04   5.73777241E+05
   9.22202255E-04   5.71522387E+05
   9.23113522E-04   5.69698370E+05
   9.24024789E-04   5.68298321E+05
   9.24936056E-04   5.67315021E+05
   9.25847323E-04   5.66741004E+05
   9.26758590E-04   5.66568653E+05
   9.27669857E-04   5.66790289E+05
   9.28581125E-04   5.67398240E+05
   9.29492392E-04   5.68384913E+05
   9.30403659E-04   5.69742838E+05
   9.31314926E-04   5.71464709E+05
   9.32226193E-04   5.73543405E+05
   9.33137460E-04   5.75972003E+05
   9.34048727E-04   5.78743770E+05
   9.34959994E-04   5.81852146E+05
   9.35871261E-04   5.85290710E+05
   9.36782528E-04   5.89053138E+05
   9.37693795E-04   5.93133140E+05
   9.38605062E-04   5.97524392E+05
   9.39516329E-04   6.02220453E+05
   9.40427596E-04   6.07214674E+05
   9.41338863E-04   6.12500096E+05
   9.42250130E-04   6.18069340E+05
   9.43161397E-04   6.23914491E+05
   9.44072664E-04   6.30026977E+05
   9.44983931E-04   6.36397441E+05
   9.45895198E-04   6.43015616E+05
   9.46806466E-04   6.49870195E+05
   9.47717733E-04   6.56948701E+05
   9.48629000E-04   6.64237363E+05
   9.49540267E-04   6.71720995E+05
   9.50451534E-04   6.79382881E+05
   9.51362801E-04   6.87204670E+05
   9.52274068E-04   6.95166279E+05
   9.53185335E-04   7.03245808E+05
   9.54096602E-04   7.11419476E+05
   9.55007869E-04   7.19661561E+05
   9.55919136E-04   7.27944370E+05
   9.56830403E-04   7.36238223E+05
   9.57741670E-04   7.44511459E+05
   9.58652937E-04   7.52730466E+05
   9.59564204E-04   7.60859736E+05
   9.60475471E-04   7.68861942E+05
   9.61386738E-04   7.76698051E+05
   9.62298005E-04   7.84327449E+05
   9.63209272E-04   7.91708109E+05
   9.64120539E-04   7.98796775E+05
   9.65031807E-04   8.05549178E+05
   9.65943074E-04   8.11920279E+05
   9.66854341E-04   8.17864529E+05
   9.67765608E-04   8.23336164E+05
   9.68676875E-04   8.28289509E+05
   9.69588142E-04   8.32679310E+05
   9.70499409E-04   8.36461074E+05
   9.71410676E-04   8.39591426E+05
   9.72321943E-04   8.42028472E+05
   9.73233210E-04   8.43732168E+05
   9.74144477E-04   8.44664690E+05
   9.75055744E-04   8.44790798E+05
   9.75967011E-04   8.44078192E+05
   9.76878278E-04   8.42497857E+05
   9.77789545E-04   8.40024390E+05
   9.78700812E-04   8.36636301E+05
   9.79612079E-04   8.32316292E+05
   9.80523346E-04   8.27051507E+05
   9.81434613E-04   8.20833739E+05
   9.82345880E-04   8.13659608E+05
   9.83257148E-04   8.05530695E+05
   9.84168415E-04   7.96453630E+05
   9.85079682E-04   7.86440139E+05
   9.85990949E-04   7.75507039E+05
   9.86902216E-04   7.63676190E+05
   9.87813483E-04   7.50974397E+05
   9.88724750E-04   7.37433264E+05
   9.89636017E-04   7.23089001E+05
   9.90547284E-04   7.07982192E+05
